[power]
ccode = 	if( time< 110.000000  ) return 0.000000;	else if( time< 140.000000  ) return 4.050000;	else if( time< 215.000000  ) return 0.000000;
history = [[22, 28, 43],[0, 4.05, 0]]

[mrti]
deltat = 5.0
quality = 0
voi = [91, 107, 131, 146, 0, 0]
cooling = [0, 0]
heating = [0, 28]
fulltime = [0, 43]

