[power]
ccode = 	if( time< 45.000000  ) return 0.000000;	else if( time< 200.000000  ) return 12.000000;	else if( time< 220.000000  ) return 0.000000;
history = [[9, 40, 44],[0, 12, 0]]

[mrti]
deltat = 5.0
quality = 0
voi = [90, 112, 137, 158, 0, 0]
cooling = [0, 0]
heating = [0, 40]
fulltime = [0, 44]

