[power]
ccode = 	if( time< 45.000000  ) return 0.000000;	else if( time< 75.000000  ) return 11.250000;	else if( time< 130.000000  ) return 0.000000;
history = [[9, 15, 26],[0, 11.25, 0]]

[mrti]
deltat = 5.0
quality = 0
voi = [105, 123, 129, 145, 0, 0]
cooling = [0, 0]
heating = [0, 15]
fulltime = [0, 26]

