[power]
ccode = 	if( time< 65.000000  ) return 0.000000;	else if( time< 125.000000  ) return 2.850000;	else if( time< 200.000000  ) return 0.000000;	else if( time< 235.000000  ) return 2.850000;	else if( time< 430.000000  ) return 10.050000;	else if( time< 565.000000  ) return 0.000000;	else if( time< 615.000000  ) return 3.150000;	else if( time< 680.000000  ) return 10.050000;	else if( time< 760.000000  ) return 0.000000;	else if( time< 810.000000  ) return 3.000000;	else if( time< 845.000000  ) return 0.000000;	else if( time< 890.000000  ) return 3.000000;	else if( time< 910.000000  ) return 0.000000;
history = [[13, 25, 40, 47, 86, 113, 123, 136, 152, 162, 169, 178, 182],[0, 2.85, 0, 2.85, 10.05, 0, 3.15, 10.05, 0, 3, 0, 3, 0]]

[mrti]
deltat = 5.0
quality = 1
voi = [130, 170, 118, 148, 0, 0]
cooling = [178, 182]
heating = [0, 86]
fulltime = [0, 182]

