[power]
ccode = 	if( time< 45.000000  ) return 0.000000;	else if( time< 75.000000  ) return 3.150000;	else if( time< 305.000000  ) return 9.750000;	else if( time< 355.000000  ) return 0.000000;
history = [[9, 15, 61, 71],[0, 3.15, 9.75, 0]]

[mrti]
deltat = 5.0
quality = 1
voi = [83, 123, 108, 148, 0, 0]
cooling = [61, 71]
heating = [0, 61]
fulltime = [0, 71]

