[power]
ccode = 	if( time< 85.000000  ) return 0.000000;	else if( time< 100.000000  ) return 3.450000;	else if( time< 110.000000  ) return 0.000000;	else if( time< 415.000000  ) return 12.000000;	else if( time< 435.000000  ) return 0.000000;
history = [[17, 20, 22, 83, 87],[0, 3.45, 0, 12, 0]]

[mrti]
deltat = 5.0
quality = 0
voi = [104, 130, 150, 175, 0, 0]
cooling = [0, 0]
heating = [0, 83]
fulltime = [0, 87]

