[power]
ccode = 	if( time< 45.000000  ) return 0.000000;	else if( time< 150.000000  ) return 12.000000;	else if( time< 210.000000  ) return 0.000000;
history = [[9, 30, 42],[0, 12, 0]]

[mrti]
deltat = 5.0
quality = 0
voi = [105, 139, 110, 142, 0, 0]
cooling = [30, 42]
heating = [0, 30]
fulltime = [0, 42]

